4294967294,0
4294967278,163
4294967279,553
4294967279,552
4294967278,157
4294967294,425
4294967279,66
4294967278,385
20,4
32,4
36,4
39,4
42,4
40,4
41,4
50,4
43,4
49,4
51,4
48,4
4294967294,477
52,4
4294967294,479
4294967294,480
8,4
4294967294,989
4294967294,126
4294967294,962
4294967294,97
4294967294,184
4294967294,185
0,5
4294967278,350
4294967278,290
4294967278,348
4294967294,12
4294967294,127
4294967294,18
4294967294,68
4294967294,11
11,166
11,165
11,164
11,163
11,162
4294967279,139
4294967278,138
7,4
4294967278,412
4294967278,411
4294967279,326
4294967278,410
4294967278,287
4294967279,358
4294967279,567
4294967278,278
4294967279,357
11,142
4294967278,409
18,5
18,4
4294967278,338
4294967278,336
4294967294,22
11,5
4294967294,7
4294967294,6
4294967278,209
4294967279,356
4294967279,520
4294967278,351
4294967278,356
13,12
4294967279,549
4294967279,355
4294967294,1022
4294967294,83
13,0
4294967294,25
4294967294,26
4294967294,1035
4294967294,82
4294967279,322
3,6
4294967279,354
4294967278,408
4294967278,341
4294967279,67
4294967279,534
4294967278,407
4294967279,527
4294967279,525
4294967278,329
4294967278,205
4294967279,518
4294967279,516
4294967278,384
4294967294,1430
18,2
4294967278,311
4294967279,309
4294967279,353
4294967279,179
4294967279,302
4294967278,170
4294967278,354
4294967279,321
4294967279,352
4294967279,351
4294967278,316
4294967278,406
4294967279,262
4294967279,350
4294967279,349
4294967279,319
4294967278,223
4294967278,405
4294967279,348
4294967278,212
4294967278,404
4294967278,305
4294967279,306
4294967278,301
4294967278,298
45,5
45,4
4294967279,299
44,4
24,4
4294967278,357
4294967279,325
4294967278,365
4294967279,296
4294967278,382
4294967278,403
4294967279,157
4294967278,156
4294967278,154
4294967279,152
4294967278,151
4294967278,352
4294967279,324
11,10
4,5
4294967278,291
4294967279,323
4294967279,559
4294967279,147
4294967278,146
4294967279,146
4294967278,145
4294967279,558
4294967278,402
4294967279,572
4294967279,278
4294967279,347
4294967278,266
4294967294,5
4294967279,346
11,161
11,160
11,159
11,158
11,157
11,11
4294967279,265
11,156
11,155
11,154
11,153
11,152
11,151
11,150
11,149
11,148
11,147
11,146
4294967278,263
4294967278,262
4294967279,345
4294967279,282
35,4
4294967294,1436
11,139
11,138
11,137
11,141
11,145
11,144
11,140
11,1
11,143
11,0
11,136
11,135
11,134
11,132
11,133
4294967278,227
4294967278,222
4294967294,61
9,4
4294967278,335
4294967279,529
4294967278,210
4294967278,201
9,8
28,4
27,4
27,5
26,4
44,7
44,6
44,5
11,131
11,130
11,129
11,128
4294967278,187
17,6
17,5
17,4
4294967294,476
4294967279,187
16,5
4294967278,184
4294967279,185
4294967278,183
4294967279,181
4294967278,179
4294967278,178
4294967278,173
4294967278,172
4294967278,167
13,23
13,22
13,21
4294967278,401
4294967279,344
4294967278,400
4294967278,346
4294967278,153
4294967279,153
4294967279,538
4294967278,347
4294967278,148
4294967279,148
4294967278,147
4294967278,349
4294967279,142
4294967278,141
13,20
4294967279,277
12,2
4294967278,344
4294967279,275
4294967278,272
4294967279,571
15,2
15,5
15,4
4294967279,270
11,125
11,124
11,123
11,122
11,121
11,120
11,119
11,118
11,117
11,116
11,115
11,114
11,113
11,112
11,111
11,110
11,109
13,9
4294967278,399
4294967279,264
11,108
11,107
4294967294,1429
4294967278,342
14,10
14,9
14,8
4294967279,261
4294967279,258
14,7
14,11
4294967279,542
4294967278,258
4294967278,369
4294967279,256
4294967278,368
16,4
4294967279,537
4294967278,255
14,4
4294967279,221
4294967279,174
34,2
4294967278,245
4294967279,241
4294967278,398
11,88
11,87
11,86
11,85
11,84
11,83
11,82
11,81
11,80
11,79
11,78
11,77
11,76
11,75
11,74
11,73
11,72
11,71
11,70
11,69
11,68
11,67
11,66
11,65
11,64
11,38
11,37
11,36
11,34
11,35
11,33
11,32
11,31
11,30
11,29
11,28
11,27
11,26
11,25
11,24
4294967279,233
4294967279,229
4294967279,343
4294967278,216
11,91
4294967278,213
14,6
14,5
4294967278,334
4294967279,528
4294967279,210
4294967278,331
4294967279,208
4294967278,204
4294967279,205
4294967278,203
4294967278,202
4294967279,203
4294967278,200
4294967279,201
4294967279,195
13,19
13,18
13,17
4294967279,315
12,9
12,0
4294967278,186
4294967279,183
4294967278,176
4294967278,299
4294967279,301
4294967279,171
4294967279,167
4294967278,294
4294967279,320
4294967279,575
4294967278,159
4294967278,397
4294967278,282
4294967278,292
4294967278,150
4294967279,150
4294967278,269
4294967278,142
4294967278,379
4294967279,342
4294967279,341
4294967279,276
4294967278,134
4294967279,287
4294967279,340
4294967279,284
4294967278,396
4294967278,274
4294967279,283
4294967278,279
38,4
4294967278,373
4294967278,371
4294967278,370
4294967279,565
4294967279,564
4294967279,254
4294967278,395
4294967279,247
9,5
48,9
48,5
4294967278,241
4294967279,240
6,2
4294967278,235
4294967279,236
4294967278,231
34,10
34,9
34,8
34,7
34,6
4294967279,232
4294967294,478
4294967279,230
4294967279,228
4294967279,226
4294967279,224
4294967278,221
4294967279,222
4294967278,219
4294967278,217
12,8
12,1
12,7
4294967278,215
4294967279,216
4294967278,214
4294967279,215
4294967279,214
34,11
34,4
4294967279,212
4294967278,330
4294967279,524
4294967278,206
7,2
7,5
13,16
13,15
13,14
4294967278,324
4294967278,199
4294967279,199
13,1
13,13
4294967279,136
